Pt1	0.008	0.4993	0.50038	0.000320122	
Pt2	0.016	0.498601	0.500759	0.000640486	
Pt3	0.024	0.497902	0.501137	0.000961092	
Pt4	0.032	0.497204	0.501514	0.00128194	
Pt5	0.04	0.496506	0.501891	0.00160303	
Pt6	0.048	0.495808	0.502268	0.00192436	
Pt7	0.056	0.495111	0.502643	0.00224593	
Pt8	0.064	0.494414	0.503018	0.00256774	
Pt9	0.072	0.493718	0.503392	0.0028898	
Pt10	0.08	0.493023	0.503765	0.00321209	
Pt11	0.088	0.492328	0.504138	0.00353461	
Pt12	0.096	0.491633	0.50451	0.00385738	
Pt13	0.104	0.490939	0.504881	0.00418039	
Pt14	0.112	0.490245	0.505252	0.00450363	
Pt15	0.12	0.489551	0.505621	0.00482711	
Pt16	0.128	0.488859	0.505991	0.00515083	
Pt17	0.136	0.488166	0.506359	0.00547478	
Pt18	0.144	0.487474	0.506727	0.00579896	
Pt19	0.152	0.486783	0.507094	0.00612339	
Pt20	0.16	0.486092	0.50746	0.00644804	
Pt21	0.168	0.485402	0.507826	0.00677294	
Pt22	0.176	0.484712	0.50819	0.00709806	
Pt23	0.184	0.484022	0.508554	0.00742342	
Pt24	0.192	0.483333	0.508918	0.00774901	
Pt25	0.2	0.482645	0.509281	0.00807483	
Pt26	0.208	0.481957	0.509642	0.00840089	
Pt27	0.216	0.481269	0.510004	0.00872718	
Pt28	0.224	0.480582	0.510364	0.00905369	
Pt29	0.232	0.479896	0.510724	0.00938044	
Pt30	0.24	0.47921	0.511083	0.00970742	
Pt31	0.248	0.478524	0.511441	0.0100346	
Pt32	0.256	0.477839	0.511799	0.0103621	
Pt33	0.264	0.477155	0.512156	0.0106897	
Pt34	0.272	0.476471	0.512512	0.0110176	
Pt35	0.28	0.475787	0.512867	0.0113457	
Pt36	0.288	0.475104	0.513222	0.0116741	
Pt37	0.296	0.474422	0.513576	0.0120027	
Pt38	0.304	0.47374	0.513929	0.0123315	
Pt39	0.312	0.473058	0.514281	0.0126605	
Pt40	0.32	0.472377	0.514633	0.0129898	
Pt41	0.328	0.471697	0.514984	0.0133192	
Pt42	0.336	0.471017	0.515334	0.0136489	
Pt43	0.344	0.470338	0.515684	0.0139789	
Pt44	0.352	0.469659	0.516032	0.014309	
Pt45	0.36	0.46898	0.51638	0.0146394	
Pt46	0.368	0.468303	0.516728	0.01497	
Pt47	0.376	0.467625	0.517074	0.0153008	
Pt48	0.384	0.466948	0.51742	0.0156318	
Pt49	0.392	0.466272	0.517765	0.0159631	
Pt50	0.4	0.465596	0.518109	0.0162946	
Pt51	0.408	0.464921	0.518452	0.0166263	
Pt52	0.416	0.464247	0.518795	0.0169582	
Pt53	0.424	0.463573	0.519137	0.0172903	
Pt54	0.432	0.462899	0.519478	0.0176227	
Pt55	0.44	0.462226	0.519819	0.0179553	
Pt56	0.448	0.461553	0.520158	0.018288	
Pt57	0.456	0.460882	0.520497	0.0186211	
Pt58	0.464	0.46021	0.520836	0.0189543	
Pt59	0.472	0.459539	0.521173	0.0192877	
Pt60	0.48	0.458869	0.52151	0.0196214	
Pt61	0.488	0.458199	0.521846	0.0199553	
Pt62	0.496	0.45753	0.522181	0.0202893	
Pt63	0.504	0.456861	0.522515	0.0206236	
Pt64	0.512	0.456193	0.522849	0.0209582	
Pt65	0.52	0.455525	0.523182	0.0212929	
Pt66	0.528	0.454858	0.523514	0.0216278	
Pt67	0.536	0.454192	0.523845	0.021963	
Pt68	0.544	0.453526	0.524176	0.0222984	
Pt69	0.552	0.452861	0.524505	0.0226339	
Pt70	0.56	0.452196	0.524834	0.0229697	
Pt71	0.568	0.451532	0.525163	0.0233057	
Pt72	0.576	0.450868	0.52549	0.0236419	
Pt73	0.584	0.450205	0.525817	0.0239784	
Pt74	0.592	0.449542	0.526143	0.024315	
Pt75	0.6	0.44888	0.526468	0.0246518	
Pt76	0.608	0.448219	0.526792	0.0249889	
Pt77	0.616	0.447558	0.527116	0.0253261	
Pt78	0.624	0.446898	0.527439	0.0256636	
Pt79	0.632	0.446238	0.527761	0.0260012	
Pt80	0.64	0.445579	0.528082	0.0263391	
Pt81	0.648	0.44492	0.528402	0.0266772	
Pt82	0.656	0.444262	0.528722	0.0270155	
Pt83	0.664	0.443605	0.529041	0.0273539	
Pt84	0.672	0.442948	0.529359	0.0276926	
Pt85	0.68	0.442292	0.529677	0.0280315	
Pt86	0.688	0.441636	0.529993	0.0283706	
Pt87	0.696	0.440981	0.530309	0.0287099	
Pt88	0.704	0.440327	0.530624	0.0290494	
Pt89	0.712	0.439673	0.530938	0.0293891	
Pt90	0.72	0.439019	0.531252	0.029729	
Pt91	0.728	0.438367	0.531564	0.0300691	
Pt92	0.736	0.437715	0.531876	0.0304094	
Pt93	0.744	0.437063	0.532187	0.0307499	
Pt94	0.752	0.436412	0.532497	0.0310906	
Pt95	0.76	0.435762	0.532807	0.0314315	
Pt96	0.768	0.435112	0.533116	0.0317726	
Pt97	0.776	0.434463	0.533424	0.0321139	
Pt98	0.784	0.433814	0.533731	0.0324554	
Pt99	0.792	0.433166	0.534037	0.0327971	
Pt100	0.8	0.432519	0.534343	0.033139	
Pt101	0.808	0.431872	0.534647	0.033481	
Pt102	0.816	0.431226	0.534951	0.0338233	
Pt103	0.824	0.43058	0.535254	0.0341658	
Pt104	0.832	0.429935	0.535557	0.0345084	
Pt105	0.84	0.42929	0.535858	0.0348513	
Pt106	0.848	0.428647	0.536159	0.0351943	
Pt107	0.856	0.428003	0.536459	0.0355376	
Pt108	0.864	0.427361	0.536758	0.035881	
Pt109	0.872	0.426719	0.537057	0.0362246	
Pt110	0.88	0.426077	0.537354	0.0365684	
Pt111	0.888	0.425437	0.537651	0.0369124	
Pt112	0.896	0.424797	0.537947	0.0372566	
Pt113	0.904	0.424157	0.538242	0.037601	
Pt114	0.912	0.423518	0.538536	0.0379456	
Pt115	0.92	0.42288	0.53883	0.0382903	
Pt116	0.928	0.422242	0.539123	0.0386353	
Pt117	0.936	0.421605	0.539415	0.0389804	
Pt118	0.944	0.420969	0.539706	0.0393257	
Pt119	0.952	0.420333	0.539996	0.0396712	
Pt120	0.96	0.419697	0.540286	0.0400169	
Pt121	0.968	0.419063	0.540574	0.0403628	
Pt122	0.976	0.418429	0.540862	0.0407088	
Pt123	0.984	0.417795	0.541149	0.0410551	
Pt124	0.992	0.417163	0.541436	0.0414015	
Pt125	1	0.416531	0.541721	0.0417481	
Pt126	1.008	0.415899	0.542006	0.0420949	
Pt127	1.016	0.415268	0.54229	0.0424419	
Pt128	1.024	0.414638	0.542573	0.0427891	
Pt129	1.032	0.414008	0.542855	0.0431364	
Pt130	1.04	0.413379	0.543137	0.0434839	
Pt131	1.048	0.412751	0.543417	0.0438316	
Pt132	1.056	0.412123	0.543697	0.0441795	
Pt133	1.064	0.411496	0.543976	0.0445275	
Pt134	1.072	0.41087	0.544254	0.0448758	
Pt135	1.08	0.410244	0.544532	0.0452242	
Pt136	1.088	0.409619	0.544808	0.0455728	
Pt137	1.096	0.408994	0.545084	0.0459215	
Pt138	1.104	0.40837	0.545359	0.0462705	
Pt139	1.112	0.407747	0.545633	0.0466196	
Pt140	1.12	0.407125	0.545907	0.0469689	
Pt141	1.128	0.406503	0.546179	0.0473184	
Pt142	1.136	0.405881	0.546451	0.047668	
Pt143	1.144	0.405261	0.546722	0.0480178	
Pt144	1.152	0.40464	0.546992	0.0483678	
Pt145	1.16	0.404021	0.547261	0.048718	
Pt146	1.168	0.403402	0.547529	0.0490683	
Pt147	1.176	0.402784	0.547797	0.0494188	
Pt148	1.184	0.402167	0.548064	0.0497695	
Pt149	1.192	0.40155	0.54833	0.0501203	
Pt150	1.2	0.400934	0.548595	0.0504713	
Pt151	1.208	0.400318	0.548859	0.0508225	
Pt152	1.216	0.399703	0.549123	0.0511739	
Pt153	1.224	0.399089	0.549386	0.0515254	
Pt154	1.232	0.398475	0.549647	0.0518771	
Pt155	1.24	0.397862	0.549909	0.0522289	
Pt156	1.248	0.39725	0.550169	0.052581	
Pt157	1.256	0.396639	0.550428	0.0529332	
Pt158	1.264	0.396028	0.550687	0.0532855	
Pt159	1.272	0.395417	0.550945	0.053638	
Pt160	1.28	0.394808	0.551202	0.0539907	
Pt161	1.288	0.394199	0.551458	0.0543436	
Pt162	1.296	0.39359	0.551713	0.0546966	
Pt163	1.304	0.392983	0.551968	0.0550498	
Pt164	1.312	0.392376	0.552221	0.0554031	
Pt165	1.32	0.391769	0.552474	0.0557566	
Pt166	1.328	0.391163	0.552726	0.0561103	
Pt167	1.336	0.390558	0.552977	0.0564641	
Pt168	1.344	0.389954	0.553228	0.0568181	
Pt169	1.352	0.38935	0.553477	0.0571722	
Pt170	1.36	0.388747	0.553726	0.0575265	
Pt171	1.368	0.388145	0.553974	0.057881	
Pt172	1.376	0.387543	0.554221	0.0582356	
Pt173	1.384	0.386942	0.554467	0.0585904	
Pt174	1.392	0.386342	0.554713	0.0589453	
Pt175	1.4	0.385742	0.554958	0.0593004	
Pt176	1.408	0.385143	0.555201	0.0596557	
Pt177	1.416	0.384545	0.555444	0.0600111	
Pt178	1.424	0.383947	0.555687	0.0603667	
Pt179	1.432	0.38335	0.555928	0.0607224	
Pt180	1.44	0.382753	0.556168	0.0610782	
Pt181	1.448	0.382158	0.556408	0.0614343	
Pt182	1.456	0.381563	0.556647	0.0617905	
Pt183	1.464	0.380968	0.556885	0.0621468	
Pt184	1.472	0.380375	0.557122	0.0625033	
Pt185	1.48	0.379781	0.557359	0.0628599	
Pt186	1.488	0.379189	0.557594	0.0632167	
Pt187	1.496	0.378597	0.557829	0.0635736	
Pt188	1.504	0.378006	0.558063	0.0639307	
Pt189	1.512	0.377416	0.558296	0.0642879	
Pt190	1.52	0.376826	0.558528	0.0646453	
Pt191	1.528	0.376238	0.55876	0.0650029	
Pt192	1.536	0.375649	0.55899	0.0653605	
Pt193	1.544	0.375062	0.55922	0.0657184	
Pt194	1.552	0.374475	0.559449	0.0660763	
Pt195	1.56	0.373888	0.559677	0.0664345	
Pt196	1.568	0.373303	0.559904	0.0667927	
Pt197	1.576	0.372718	0.560131	0.0671511	
Pt198	1.584	0.372134	0.560357	0.0675097	
Pt199	1.592	0.37155	0.560581	0.0678684	
Pt200	1.6	0.370967	0.560805	0.0682272	
Pt201	1.608	0.370385	0.561029	0.0685862	
Pt202	1.616	0.369804	0.561251	0.0689454	
Pt203	1.624	0.369223	0.561473	0.0693046	
Pt204	1.632	0.368643	0.561693	0.069664	
Pt205	1.64	0.368063	0.561913	0.0700236	
Pt206	1.648	0.367485	0.562132	0.0703833	
Pt207	1.656	0.366906	0.56235	0.0707431	
Pt208	1.664	0.366329	0.562568	0.0711031	
Pt209	1.672	0.365752	0.562784	0.0714632	
Pt210	1.68	0.365176	0.563	0.0718235	
Pt211	1.688	0.364601	0.563215	0.0721838	
Pt212	1.696	0.364026	0.563429	0.0725444	
Pt213	1.704	0.363452	0.563642	0.072905	
Pt214	1.712	0.362879	0.563855	0.0732658	
Pt215	1.72	0.362307	0.564067	0.0736268	
Pt216	1.728	0.361735	0.564277	0.0739878	
Pt217	1.736	0.361164	0.564487	0.074349	
Pt218	1.744	0.360593	0.564697	0.0747104	
Pt219	1.752	0.360023	0.564905	0.0750719	
Pt220	1.76	0.359454	0.565112	0.0754335	
Pt221	1.768	0.358886	0.565319	0.0757952	
Pt222	1.776	0.358318	0.565525	0.0761571	
Pt223	1.784	0.357751	0.56573	0.0765191	
Pt224	1.792	0.357185	0.565934	0.0768812	
Pt225	1.8	0.356619	0.566138	0.0772435	
Pt226	1.808	0.356054	0.56634	0.0776059	
Pt227	1.816	0.35549	0.566542	0.0779684	
Pt228	1.824	0.354926	0.566743	0.078331	
Pt229	1.832	0.354363	0.566943	0.0786938	
Pt230	1.84	0.353801	0.567142	0.0790567	
Pt231	1.848	0.35324	0.567341	0.0794198	
Pt232	1.856	0.352679	0.567538	0.0797829	
Pt233	1.864	0.352119	0.567735	0.0801462	
Pt234	1.872	0.351559	0.567931	0.0805096	
Pt235	1.88	0.351001	0.568126	0.0808732	
Pt236	1.888	0.350443	0.568321	0.0812368	
Pt237	1.896	0.349885	0.568514	0.0816006	
Pt238	1.904	0.349329	0.568707	0.0819645	
Pt239	1.912	0.348773	0.568899	0.0823285	
Pt240	1.92	0.348218	0.56909	0.0826927	
Pt241	1.928	0.347663	0.56928	0.083057	
Pt242	1.936	0.347109	0.569469	0.0834214	
Pt243	1.944	0.346556	0.569658	0.0837859	
Pt244	1.952	0.346004	0.569846	0.0841505	
Pt245	1.96	0.345452	0.570033	0.0845153	
Pt246	1.968	0.344901	0.570219	0.0848802	
Pt247	1.976	0.344351	0.570404	0.0852452	
Pt248	1.984	0.343801	0.570589	0.0856103	
Pt249	1.992	0.343252	0.570772	0.0859755	
Pt250	2	0.342704	0.570955	0.0863409	
Pt251	2.008	0.342156	0.571137	0.0867064	
Pt252	2.016	0.34161	0.571319	0.0870719	
Pt253	2.024	0.341063	0.571499	0.0874376	
Pt254	2.032	0.340518	0.571679	0.0878035	
Pt255	2.04	0.339973	0.571857	0.0881694	
Pt256	2.048	0.339429	0.572035	0.0885354	
Pt257	2.056	0.338886	0.572212	0.0889016	
Pt258	2.064	0.338343	0.572389	0.0892679	
Pt259	2.072	0.337801	0.572564	0.0896343	
Pt260	2.08	0.33726	0.572739	0.0900008	
Pt261	2.088	0.33672	0.572913	0.0903674	
Pt262	2.096	0.33618	0.573086	0.0907341	
Pt263	2.104	0.335641	0.573258	0.0911009	
Pt264	2.112	0.335102	0.57343	0.0914679	
Pt265	2.12	0.334565	0.5736	0.0918349	
Pt266	2.128	0.334028	0.57377	0.0922021	
Pt267	2.136	0.333491	0.573939	0.0925693	
Pt268	2.144	0.332956	0.574107	0.0929367	
Pt269	2.152	0.332421	0.574275	0.0933042	
Pt270	2.16	0.331887	0.574441	0.0936718	
Pt271	2.168	0.331353	0.574607	0.0940395	
Pt272	2.176	0.330821	0.574772	0.0944073	
Pt273	2.184	0.330289	0.574936	0.0947752	
Pt274	2.192	0.329757	0.5751	0.0951432	
Pt275	2.2	0.329227	0.575262	0.0955113	
Pt276	2.208	0.328697	0.575424	0.0958795	
Pt277	2.216	0.328167	0.575585	0.0962479	
Pt278	2.224	0.327639	0.575745	0.0966163	
Pt279	2.232	0.327111	0.575904	0.0969848	
Pt280	2.24	0.326584	0.576063	0.0973534	
Pt281	2.248	0.326057	0.57622	0.0977222	
Pt282	2.256	0.325532	0.576377	0.098091	
Pt283	2.264	0.325007	0.576533	0.0984599	
Pt284	2.272	0.324482	0.576689	0.098829	
Pt285	2.28	0.323959	0.576843	0.0991981	
Pt286	2.288	0.323436	0.576997	0.0995673	
Pt287	2.296	0.322914	0.57715	0.0999366	
Pt288	2.304	0.322392	0.577302	0.100306	
Pt289	2.312	0.321871	0.577453	0.100676	
Pt290	2.32	0.321351	0.577603	0.101045	
Pt291	2.328	0.320832	0.577753	0.101415	
Pt292	2.336	0.320313	0.577902	0.101785	
Pt293	2.344	0.319795	0.57805	0.102155	
Pt294	2.352	0.319278	0.578197	0.102525	
Pt295	2.36	0.318762	0.578344	0.102895	
Pt296	2.368	0.318246	0.578489	0.103265	
Pt297	2.376	0.317731	0.578634	0.103635	
Pt298	2.384	0.317216	0.578778	0.104006	
Pt299	2.392	0.316703	0.578921	0.104376	
Pt300	2.4	0.31619	0.579064	0.104747	
Pt301	2.408	0.315677	0.579206	0.105117	
Pt302	2.416	0.315166	0.579346	0.105488	
Pt303	2.424	0.314655	0.579486	0.105859	
Pt304	2.432	0.314145	0.579626	0.10623	
Pt305	2.44	0.313635	0.579764	0.106601	
Pt306	2.448	0.313126	0.579902	0.106972	
Pt307	2.456	0.312618	0.580039	0.107343	
Pt308	2.464	0.312111	0.580175	0.107714	
Pt309	2.472	0.311604	0.58031	0.108086	
Pt310	2.48	0.311098	0.580445	0.108457	
Pt311	2.488	0.310593	0.580579	0.108829	
Pt312	2.496	0.310088	0.580711	0.1092	
Pt313	2.504	0.309584	0.580844	0.109572	
Pt314	2.512	0.309081	0.580975	0.109944	
Pt315	2.52	0.308579	0.581106	0.110316	
Pt316	2.528	0.308077	0.581235	0.110687	
Pt317	2.536	0.307576	0.581364	0.11106	
Pt318	2.544	0.307076	0.581493	0.111432	
Pt319	2.552	0.306576	0.58162	0.111804	
Pt320	2.56	0.306077	0.581747	0.112176	
Pt321	2.568	0.305579	0.581872	0.112548	
Pt322	2.576	0.305082	0.581998	0.112921	
Pt323	2.584	0.304585	0.582122	0.113293	
Pt324	2.592	0.304089	0.582245	0.113666	
Pt325	2.6	0.303593	0.582368	0.114039	
Pt326	2.608	0.303099	0.58249	0.114411	
Pt327	2.616	0.302605	0.582611	0.114784	
Pt328	2.624	0.302111	0.582732	0.115157	
Pt329	2.632	0.301619	0.582851	0.11553	
Pt330	2.64	0.301127	0.58297	0.115903	
Pt331	2.648	0.300636	0.583088	0.116276	
Pt332	2.656	0.300145	0.583205	0.11665	
Pt333	2.664	0.299655	0.583322	0.117023	
Pt334	2.672	0.299166	0.583437	0.117396	
Pt335	2.68	0.298678	0.583552	0.11777	
Pt336	2.688	0.29819	0.583667	0.118143	
Pt337	2.696	0.297703	0.58378	0.118517	
Pt338	2.704	0.297217	0.583893	0.11889	
Pt339	2.712	0.296731	0.584004	0.119264	
Pt340	2.72	0.296247	0.584115	0.119638	
Pt341	2.728	0.295762	0.584226	0.120012	
Pt342	2.736	0.295279	0.584335	0.120386	
Pt343	2.744	0.294796	0.584444	0.12076	
Pt344	2.752	0.294314	0.584552	0.121134	
Pt345	2.76	0.293833	0.584659	0.121508	
Pt346	2.768	0.293352	0.584766	0.121882	
Pt347	2.776	0.292872	0.584871	0.122257	
Pt348	2.784	0.292393	0.584976	0.122631	
Pt349	2.792	0.291914	0.58508	0.123005	
Pt350	2.8	0.291436	0.585184	0.12338	
Pt351	2.808	0.290959	0.585287	0.123754	
Pt352	2.816	0.290483	0.585388	0.124129	
Pt353	2.824	0.290007	0.585489	0.124504	
Pt354	2.832	0.289532	0.58559	0.124878	
Pt355	2.84	0.289057	0.585689	0.125253	
Pt356	2.848	0.288584	0.585788	0.125628	
Pt357	2.856	0.288111	0.585886	0.126003	
Pt358	2.864	0.287638	0.585984	0.126378	
Pt359	2.872	0.287167	0.58608	0.126753	
Pt360	2.88	0.286696	0.586176	0.127128	
Pt361	2.888	0.286226	0.586271	0.127503	
Pt362	2.896	0.285756	0.586365	0.127879	
Pt363	2.904	0.285287	0.586459	0.128254	
Pt364	2.912	0.284819	0.586551	0.128629	
Pt365	2.92	0.284352	0.586643	0.129005	
Pt366	2.928	0.283885	0.586735	0.12938	
Pt367	2.936	0.283419	0.586825	0.129756	
Pt368	2.944	0.282954	0.586915	0.130131	
Pt369	2.952	0.282489	0.587004	0.130507	
Pt370	2.96	0.282025	0.587092	0.130883	
Pt371	2.968	0.281562	0.58718	0.131258	
Pt372	2.976	0.281099	0.587266	0.131634	
Pt373	2.984	0.280638	0.587352	0.13201	
Pt374	2.992	0.280176	0.587438	0.132386	
Pt375	3	0.279716	0.587522	0.132762	
Pt376	3.008	0.279256	0.587606	0.133138	
Pt377	3.016	0.278797	0.587689	0.133514	
Pt378	3.024	0.278338	0.587771	0.13389	
Pt379	3.032	0.277881	0.587853	0.134267	
Pt380	3.04	0.277424	0.587934	0.134643	
Pt381	3.048	0.276967	0.588014	0.135019	
Pt382	3.056	0.276512	0.588093	0.135395	
Pt383	3.064	0.276057	0.588171	0.135772	
Pt384	3.072	0.275602	0.588249	0.136148	
Pt385	3.08	0.275149	0.588326	0.136525	
Pt386	3.088	0.274696	0.588403	0.136901	
Pt387	3.096	0.274244	0.588478	0.137278	
Pt388	3.104	0.273792	0.588553	0.137655	
Pt389	3.112	0.273341	0.588627	0.138031	
Pt390	3.12	0.272891	0.588701	0.138408	
Pt391	3.128	0.272442	0.588774	0.138785	
Pt392	3.136	0.271993	0.588845	0.139162	
Pt393	3.144	0.271545	0.588917	0.139539	
Pt394	3.152	0.271097	0.588987	0.139915	
Pt395	3.16	0.270651	0.589057	0.140292	
Pt396	3.168	0.270205	0.589126	0.140669	
Pt397	3.176	0.269759	0.589194	0.141047	
Pt398	3.184	0.269314	0.589262	0.141424	
Pt399	3.192	0.26887	0.589329	0.141801	
Pt400	3.2	0.268427	0.589395	0.142178	
Pt401	3.208	0.267984	0.58946	0.142555	
Pt402	3.216	0.267543	0.589525	0.142932	
Pt403	3.224	0.267101	0.589589	0.14331	
Pt404	3.232	0.266661	0.589652	0.143687	
Pt405	3.24	0.266221	0.589715	0.144065	
Pt406	3.248	0.265781	0.589777	0.144442	
Pt407	3.256	0.265343	0.589838	0.144819	
Pt408	3.264	0.264905	0.589898	0.145197	
Pt409	3.272	0.264468	0.589958	0.145575	
Pt410	3.28	0.264031	0.590017	0.145952	
Pt411	3.288	0.263595	0.590075	0.14633	
Pt412	3.296	0.26316	0.590132	0.146707	
Pt413	3.304	0.262726	0.590189	0.147085	
Pt414	3.312	0.262292	0.590245	0.147463	
Pt415	3.32	0.261859	0.590301	0.147841	
Pt416	3.328	0.261426	0.590355	0.148218	
Pt417	3.336	0.260994	0.590409	0.148596	
Pt418	3.344	0.260563	0.590462	0.148974	
Pt419	3.352	0.260133	0.590515	0.149352	
Pt420	3.36	0.259703	0.590567	0.14973	
Pt421	3.368	0.259274	0.590618	0.150108	
Pt422	3.376	0.258846	0.590668	0.150486	
Pt423	3.384	0.258418	0.590718	0.150864	
Pt424	3.392	0.257991	0.590767	0.151242	
Pt425	3.4	0.257564	0.590815	0.15162	
Pt426	3.408	0.257139	0.590863	0.151998	
Pt427	3.416	0.256713	0.59091	0.152377	
Pt428	3.424	0.256289	0.590956	0.152755	
Pt429	3.432	0.255865	0.591002	0.153133	
Pt430	3.44	0.255442	0.591046	0.153511	
Pt431	3.448	0.25502	0.591091	0.15389	
Pt432	3.456	0.254598	0.591134	0.154268	
Pt433	3.464	0.254177	0.591177	0.154646	
Pt434	3.472	0.253757	0.591219	0.155025	
Pt435	3.48	0.253337	0.59126	0.155403	
Pt436	3.488	0.252918	0.591301	0.155781	
Pt437	3.496	0.252499	0.591341	0.15616	
Pt438	3.504	0.252082	0.59138	0.156538	
Pt439	3.512	0.251665	0.591419	0.156917	
Pt440	3.52	0.251248	0.591457	0.157295	
Pt441	3.528	0.250832	0.591494	0.157674	
Pt442	3.536	0.250417	0.59153	0.158052	
Pt443	3.544	0.250003	0.591566	0.158431	
Pt444	3.552	0.249589	0.591601	0.15881	
Pt445	3.56	0.249176	0.591636	0.159188	
Pt446	3.568	0.248764	0.59167	0.159567	
Pt447	3.576	0.248352	0.591703	0.159946	
Pt448	3.584	0.247941	0.591735	0.160324	
Pt449	3.592	0.24753	0.591767	0.160703	
Pt450	3.6	0.24712	0.591798	0.161082	
Pt451	3.608	0.246711	0.591828	0.161461	
Pt452	3.616	0.246303	0.591858	0.161839	
Pt453	3.624	0.245895	0.591887	0.162218	
Pt454	3.632	0.245488	0.591915	0.162597	
Pt455	3.64	0.245081	0.591943	0.162976	
Pt456	3.648	0.244675	0.59197	0.163355	
Pt457	3.656	0.24427	0.591997	0.163733	
Pt458	3.664	0.243865	0.592022	0.164112	
Pt459	3.672	0.243462	0.592047	0.164491	
Pt460	3.68	0.243058	0.592072	0.16487	
Pt461	3.688	0.242656	0.592095	0.165249	
Pt462	3.696	0.242254	0.592118	0.165628	
Pt463	3.704	0.241852	0.592141	0.166007	
Pt464	3.712	0.241452	0.592162	0.166386	
Pt465	3.72	0.241052	0.592183	0.166765	
Pt466	3.728	0.240652	0.592204	0.167144	
Pt467	3.736	0.240254	0.592223	0.167523	
Pt468	3.744	0.239856	0.592242	0.167902	
Pt469	3.752	0.239458	0.592261	0.168281	
Pt470	3.76	0.239061	0.592279	0.16866	
Pt471	3.768	0.238665	0.592296	0.169039	
Pt472	3.776	0.23827	0.592312	0.169418	
Pt473	3.784	0.237875	0.592328	0.169797	
Pt474	3.792	0.237481	0.592343	0.170176	
Pt475	3.8	0.237087	0.592357	0.170556	
Pt476	3.808	0.236694	0.592371	0.170935	
Pt477	3.816	0.236302	0.592384	0.171314	
Pt478	3.824	0.23591	0.592397	0.171693	
Pt479	3.832	0.235519	0.592409	0.172072	
Pt480	3.84	0.235129	0.59242	0.172451	
Pt481	3.848	0.234739	0.59243	0.17283	
Pt482	3.856	0.23435	0.59244	0.173209	
Pt483	3.864	0.233962	0.59245	0.173589	
Pt484	3.872	0.233574	0.592458	0.173968	
Pt485	3.88	0.233187	0.592466	0.174347	
Pt486	3.888	0.2328	0.592474	0.174726	
Pt487	3.896	0.232414	0.59248	0.175105	
Pt488	3.904	0.232029	0.592486	0.175485	
Pt489	3.912	0.231645	0.592492	0.175864	
Pt490	3.92	0.231261	0.592496	0.176243	
Pt491	3.928	0.230877	0.592501	0.176622	
Pt492	3.936	0.230495	0.592504	0.177001	
Pt493	3.944	0.230112	0.592507	0.177381	
Pt494	3.952	0.229731	0.592509	0.17776	
Pt495	3.96	0.22935	0.592511	0.178139	
Pt496	3.968	0.22897	0.592512	0.178518	
Pt497	3.976	0.22859	0.592512	0.178897	
Pt498	3.984	0.228212	0.592512	0.179277	
Pt499	3.992	0.227833	0.592511	0.179656	
Pt500	4	0.227456	0.592509	0.180035	
Pt501	4.008	0.227079	0.592507	0.180414	
Pt502	4.016	0.226702	0.592504	0.180793	
Pt503	4.024	0.226326	0.592501	0.181173	
Pt504	4.032	0.225951	0.592497	0.181552	
Pt505	4.04	0.225577	0.592492	0.181931	
Pt506	4.048	0.225203	0.592487	0.18231	
Pt507	4.056	0.224829	0.592481	0.182689	
Pt508	4.064	0.224457	0.592475	0.183069	
Pt509	4.072	0.224085	0.592468	0.183448	
Pt510	4.08	0.223713	0.59246	0.183827	
Pt511	4.088	0.223342	0.592451	0.184206	
Pt512	4.096	0.222972	0.592442	0.184585	
Pt513	4.104	0.222603	0.592433	0.184964	
Pt514	4.112	0.222234	0.592423	0.185344	
Pt515	4.12	0.221865	0.592412	0.185723	
Pt516	4.128	0.221498	0.5924	0.186102	
Pt517	4.136	0.221131	0.592388	0.186481	
Pt518	4.144	0.220764	0.592376	0.18686	
Pt519	4.152	0.220398	0.592362	0.187239	
Pt520	4.16	0.220033	0.592349	0.187618	
Pt521	4.168	0.219668	0.592334	0.187997	
Pt522	4.176	0.219304	0.592319	0.188377	
Pt523	4.184	0.218941	0.592303	0.188756	
Pt524	4.192	0.218578	0.592287	0.189135	
Pt525	4.2	0.218216	0.59227	0.189514	
Pt526	4.208	0.217854	0.592253	0.189893	
Pt527	4.216	0.217493	0.592235	0.190272	
Pt528	4.224	0.217133	0.592216	0.190651	
Pt529	4.232	0.216773	0.592197	0.19103	
Pt530	4.24	0.216414	0.592177	0.191409	
Pt531	4.248	0.216056	0.592156	0.191788	
Pt532	4.256	0.215698	0.592135	0.192167	
Pt533	4.264	0.21534	0.592114	0.192546	
Pt534	4.272	0.214984	0.592092	0.192925	
Pt535	4.28	0.214628	0.592069	0.193304	
Pt536	4.288	0.214272	0.592045	0.193683	
Pt537	4.296	0.213917	0.592021	0.194061	
Pt538	4.304	0.213563	0.591997	0.19444	
Pt539	4.312	0.213209	0.591972	0.194819	
Pt540	4.32	0.212856	0.591946	0.195198	
Pt541	4.328	0.212504	0.591919	0.195577	
Pt542	4.336	0.212152	0.591893	0.195956	
Pt543	4.344	0.2118	0.591865	0.196335	
Pt544	4.352	0.21145	0.591837	0.196713	
Pt545	4.36	0.2111	0.591808	0.197092	
Pt546	4.368	0.21075	0.591779	0.197471	
Pt547	4.376	0.210401	0.591749	0.19785	
Pt548	4.384	0.210053	0.591719	0.198228	
Pt549	4.392	0.209705	0.591688	0.198607	
Pt550	4.4	0.209358	0.591656	0.198986	
Pt551	4.408	0.209011	0.591624	0.199364	
Pt552	4.416	0.208666	0.591592	0.199743	
Pt553	4.424	0.20832	0.591558	0.200122	
Pt554	4.432	0.207975	0.591524	0.2005	
Pt555	4.44	0.207631	0.59149	0.200879	
Pt556	4.448	0.207288	0.591455	0.201257	
Pt557	4.456	0.206945	0.59142	0.201636	
Pt558	4.464	0.206602	0.591383	0.202014	
Pt559	4.472	0.20626	0.591347	0.202393	
Pt560	4.48	0.205919	0.59131	0.202771	
Pt561	4.488	0.205579	0.591272	0.20315	
Pt562	4.496	0.205239	0.591233	0.203528	
Pt563	4.504	0.204899	0.591195	0.203906	
Pt564	4.512	0.20456	0.591155	0.204285	
Pt565	4.52	0.204222	0.591115	0.204663	
Pt566	4.528	0.203884	0.591074	0.205041	
Pt567	4.536	0.203547	0.591033	0.20542	
Pt568	4.544	0.20321	0.590992	0.205798	
Pt569	4.552	0.202875	0.590949	0.206176	
Pt570	4.56	0.202539	0.590907	0.206554	
Pt571	4.568	0.202204	0.590863	0.206932	
Pt572	4.576	0.20187	0.590819	0.207311	
Pt573	4.584	0.201536	0.590775	0.207689	
Pt574	4.592	0.201203	0.59073	0.208067	
Pt575	4.6	0.200871	0.590684	0.208445	
Pt576	4.608	0.200539	0.590638	0.208823	
Pt577	4.616	0.200207	0.590592	0.209201	
Pt578	4.624	0.199877	0.590544	0.209579	
Pt579	4.632	0.199546	0.590497	0.209957	
Pt580	4.64	0.199217	0.590448	0.210335	
Pt581	4.648	0.198888	0.5904	0.210713	
Pt582	4.656	0.198559	0.59035	0.21109	
Pt583	4.664	0.198231	0.5903	0.211468	
Pt584	4.672	0.197904	0.59025	0.211846	
Pt585	4.68	0.197577	0.590199	0.212224	
Pt586	4.688	0.197251	0.590148	0.212601	
Pt587	4.696	0.196925	0.590096	0.212979	
Pt588	4.704	0.1966	0.590043	0.213357	
Pt589	4.712	0.196276	0.58999	0.213734	
Pt590	4.72	0.195952	0.589936	0.214112	
Pt591	4.728	0.195628	0.589882	0.214489	
Pt592	4.736	0.195306	0.589828	0.214867	
Pt593	4.744	0.194983	0.589772	0.215244	
Pt594	4.752	0.194662	0.589717	0.215622	
Pt595	4.76	0.19434	0.58966	0.215999	
Pt596	4.768	0.19402	0.589604	0.216377	
Pt597	4.776	0.1937	0.589546	0.216754	
Pt598	4.784	0.19338	0.589488	0.217131	
Pt599	4.792	0.193061	0.58943	0.217509	
Pt600	4.8	0.192743	0.589371	0.217886	
Pt601	4.808	0.192425	0.589312	0.218263	
Pt602	4.816	0.192108	0.589252	0.21864	
Pt603	4.824	0.191791	0.589191	0.219017	
Pt604	4.832	0.191475	0.589131	0.219394	
Pt605	4.84	0.19116	0.589069	0.219771	
Pt606	4.848	0.190845	0.589007	0.220148	
Pt607	4.856	0.19053	0.588945	0.220525	
Pt608	4.864	0.190216	0.588882	0.220902	
Pt609	4.872	0.189903	0.588818	0.221279	
Pt610	4.88	0.18959	0.588754	0.221656	
Pt611	4.888	0.189278	0.58869	0.222033	
Pt612	4.896	0.188966	0.588625	0.222409	
Pt613	4.904	0.188655	0.588559	0.222786	
Pt614	4.912	0.188344	0.588493	0.223163	
Pt615	4.92	0.188034	0.588427	0.223539	
Pt616	4.928	0.187725	0.58836	0.223916	
Pt617	4.936	0.187416	0.588292	0.224292	
Pt618	4.944	0.187107	0.588224	0.224669	
Pt619	4.952	0.186799	0.588155	0.225045	
Pt620	4.96	0.186492	0.588086	0.225422	
Pt621	4.968	0.186185	0.588017	0.225798	
Pt622	4.976	0.185879	0.587947	0.226174	
Pt623	4.984	0.185573	0.587876	0.226551	
Pt624	4.992	0.185268	0.587805	0.226927	
Pt625	5	0.184963	0.587734	0.227303	
Pt626	5.008	0.184659	0.587662	0.227679	
Pt627	5.016	0.184356	0.587589	0.228055	
Pt628	5.024	0.184053	0.587516	0.228431	
Pt629	5.032	0.18375	0.587443	0.228807	
Pt630	5.04	0.183448	0.587369	0.229183	
Pt631	5.048	0.183147	0.587294	0.229559	
Pt632	5.056	0.182846	0.587219	0.229935	
Pt633	5.064	0.182545	0.587144	0.230311	
Pt634	5.072	0.182246	0.587068	0.230686	
Pt635	5.08	0.181946	0.586992	0.231062	
Pt636	5.088	0.181647	0.586915	0.231438	
Pt637	5.096	0.181349	0.586837	0.231813	
Pt638	5.104	0.181051	0.58676	0.232189	
Pt639	5.112	0.180754	0.586681	0.232564	
Pt640	5.12	0.180458	0.586602	0.23294	
Pt641	5.128	0.180162	0.586523	0.233315	
Pt642	5.136	0.179866	0.586443	0.233691	
Pt643	5.144	0.179571	0.586363	0.234066	
Pt644	5.152	0.179276	0.586283	0.234441	
Pt645	5.16	0.178982	0.586201	0.234816	
Pt646	5.168	0.178689	0.58612	0.235192	
Pt647	5.176	0.178396	0.586038	0.235567	
Pt648	5.184	0.178103	0.585955	0.235942	
Pt649	5.192	0.177811	0.585872	0.236317	
Pt650	5.2	0.17752	0.585789	0.236692	
Pt651	5.208	0.177229	0.585705	0.237066	
Pt652	5.216	0.176939	0.58562	0.237441	
Pt653	5.224	0.176649	0.585535	0.237816	
Pt654	5.232	0.176359	0.58545	0.238191	
Pt655	5.24	0.17607	0.585364	0.238565	
Pt656	5.248	0.175782	0.585278	0.23894	
Pt657	5.256	0.175494	0.585191	0.239315	
Pt658	5.264	0.175207	0.585104	0.239689	
Pt659	5.272	0.17492	0.585016	0.240064	
Pt660	5.28	0.174634	0.584928	0.240438	
Pt661	5.288	0.174348	0.58484	0.240812	
Pt662	5.296	0.174063	0.584751	0.241186	
Pt663	5.304	0.173778	0.584661	0.241561	
Pt664	5.312	0.173494	0.584571	0.241935	
Pt665	5.32	0.17321	0.584481	0.242309	
Pt666	5.328	0.172927	0.58439	0.242683	
Pt667	5.336	0.172644	0.584299	0.243057	
Pt668	5.344	0.172362	0.584207	0.243431	
Pt669	5.352	0.17208	0.584115	0.243805	
Pt670	5.36	0.171799	0.584022	0.244179	
Pt671	5.368	0.171519	0.583929	0.244552	
Pt672	5.376	0.171238	0.583836	0.244926	
Pt673	5.384	0.170959	0.583742	0.2453	
Pt674	5.392	0.17068	0.583647	0.245673	
Pt675	5.4	0.170401	0.583552	0.246047	
Pt676	5.408	0.170123	0.583457	0.24642	
Pt677	5.416	0.169845	0.583361	0.246794	
Pt678	5.424	0.169568	0.583265	0.247167	
Pt679	5.432	0.169291	0.583169	0.24754	
Pt680	5.44	0.169015	0.583072	0.247913	
Pt681	5.448	0.168739	0.582974	0.248286	
Pt682	5.456	0.168464	0.582876	0.248659	
Pt683	5.464	0.168189	0.582778	0.249032	
Pt684	5.472	0.167915	0.582679	0.249405	
Pt685	5.48	0.167642	0.58258	0.249778	
Pt686	5.488	0.167368	0.582481	0.250151	
Pt687	5.496	0.167096	0.582381	0.250524	
Pt688	5.504	0.166823	0.58228	0.250897	
Pt689	5.512	0.166552	0.582179	0.251269	
Pt690	5.52	0.16628	0.582078	0.251642	
Pt691	5.528	0.16601	0.581976	0.252014	
Pt692	5.536	0.165739	0.581874	0.252387	
Pt693	5.544	0.16547	0.581771	0.252759	
Pt694	5.552	0.1652	0.581668	0.253131	
Pt695	5.56	0.164931	0.581565	0.253504	
Pt696	5.568	0.164663	0.581461	0.253876	
Pt697	5.576	0.164395	0.581357	0.254248	
Pt698	5.584	0.164128	0.581252	0.25462	
Pt699	5.592	0.163861	0.581147	0.254992	
Pt700	5.6	0.163595	0.581042	0.255364	
Pt701	5.608	0.163329	0.580936	0.255736	
Pt702	5.616	0.163063	0.580829	0.256107	
Pt703	5.624	0.162798	0.580723	0.256479	
Pt704	5.632	0.162534	0.580615	0.256851	
Pt705	5.64	0.16227	0.580508	0.257222	
Pt706	5.648	0.162006	0.5804	0.257594	
Pt707	5.656	0.161743	0.580292	0.257965	
Pt708	5.664	0.161481	0.580183	0.258337	
Pt709	5.672	0.161219	0.580074	0.258708	
Pt710	5.68	0.160957	0.579964	0.259079	
Pt711	5.688	0.160696	0.579854	0.25945	
Pt712	5.696	0.160435	0.579744	0.259821	
Pt713	5.704	0.160175	0.579633	0.260192	
Pt714	5.712	0.159915	0.579522	0.260563	
Pt715	5.72	0.159656	0.57941	0.260934	
Pt716	5.728	0.159397	0.579298	0.261305	
Pt717	5.736	0.159139	0.579186	0.261676	
Pt718	5.744	0.158881	0.579073	0.262046	
Pt719	5.752	0.158624	0.57896	0.262417	
Pt720	5.76	0.158367	0.578846	0.262787	
Pt721	5.768	0.15811	0.578732	0.263158	
Pt722	5.776	0.157854	0.578618	0.263528	
Pt723	5.784	0.157599	0.578503	0.263898	
Pt724	5.792	0.157344	0.578388	0.264268	
Pt725	5.8	0.157089	0.578272	0.264639	
Pt726	5.808	0.156835	0.578156	0.265009	
Pt727	5.816	0.156581	0.57804	0.265379	
Pt728	5.824	0.156328	0.577923	0.265749	
Pt729	5.832	0.156076	0.577806	0.266118	
Pt730	5.84	0.155823	0.577689	0.266488	
Pt731	5.848	0.155571	0.577571	0.266858	
Pt732	5.856	0.15532	0.577452	0.267227	
Pt733	5.864	0.155069	0.577334	0.267597	
Pt734	5.872	0.154819	0.577215	0.267966	
Pt735	5.88	0.154569	0.577095	0.268336	
Pt736	5.888	0.154319	0.576976	0.268705	
Pt737	5.896	0.15407	0.576856	0.269074	
Pt738	5.904	0.153821	0.576735	0.269444	
Pt739	5.912	0.153573	0.576614	0.269813	
Pt740	5.92	0.153326	0.576493	0.270182	
Pt741	5.928	0.153078	0.576371	0.27055	
Pt742	5.936	0.152832	0.576249	0.270919	
Pt743	5.944	0.152585	0.576127	0.271288	
Pt744	5.952	0.152339	0.576004	0.271657	
Pt745	5.96	0.152094	0.575881	0.272025	
Pt746	5.968	0.151849	0.575757	0.272394	
Pt747	5.976	0.151604	0.575634	0.272762	
Pt748	5.984	0.15136	0.575509	0.273131	
Pt749	5.992	0.151116	0.575385	0.273499	
Pt750	6	0.150873	0.57526	0.273867	
Pt751	6.008	0.15063	0.575134	0.274235	
Pt752	6.016	0.150388	0.575009	0.274603	
Pt753	6.024	0.150146	0.574883	0.274971	
Pt754	6.032	0.149905	0.574756	0.275339	
Pt755	6.04	0.149664	0.574629	0.275707	
Pt756	6.048	0.149423	0.574502	0.276075	
Pt757	6.056	0.149183	0.574375	0.276442	
Pt758	6.064	0.148943	0.574247	0.27681	
Pt759	6.072	0.148704	0.574119	0.277177	
Pt760	6.08	0.148465	0.57399	0.277545	
Pt761	6.088	0.148227	0.573861	0.277912	
Pt762	6.096	0.147989	0.573732	0.278279	
Pt763	6.104	0.147751	0.573602	0.278647	
Pt764	6.112	0.147514	0.573472	0.279014	
Pt765	6.12	0.147277	0.573342	0.279381	
Pt766	6.128	0.147041	0.573211	0.279747	
Pt767	6.136	0.146805	0.57308	0.280114	
Pt768	6.144	0.14657	0.572949	0.280481	
Pt769	6.152	0.146335	0.572817	0.280848	
Pt770	6.16	0.146101	0.572685	0.281214	
Pt771	6.168	0.145867	0.572553	0.281581	
Pt772	6.176	0.145633	0.57242	0.281947	
Pt773	6.184	0.1454	0.572287	0.282313	
Pt774	6.192	0.145167	0.572153	0.28268	
Pt775	6.2	0.144935	0.57202	0.283046	
Pt776	6.208	0.144703	0.571885	0.283412	
Pt777	6.216	0.144471	0.571751	0.283778	
Pt778	6.224	0.14424	0.571616	0.284144	
Pt779	6.232	0.14401	0.571481	0.284509	
Pt780	6.24	0.143779	0.571346	0.284875	
Pt781	6.248	0.143549	0.57121	0.285241	
Pt782	6.256	0.14332	0.571074	0.285606	
Pt783	6.264	0.143091	0.570937	0.285972	
Pt784	6.272	0.142863	0.5708	0.286337	
Pt785	6.28	0.142635	0.570663	0.286702	
Pt786	6.288	0.142407	0.570526	0.287068	
Pt787	6.296	0.14218	0.570388	0.287433	
Pt788	6.304	0.141953	0.57025	0.287798	
Pt789	6.312	0.141726	0.570111	0.288163	
Pt790	6.32	0.1415	0.569972	0.288527	
Pt791	6.328	0.141275	0.569833	0.288892	
Pt792	6.336	0.141049	0.569694	0.289257	
Pt793	6.344	0.140825	0.569554	0.289621	
Pt794	6.352	0.1406	0.569414	0.289986	
Pt795	6.36	0.140376	0.569274	0.29035	
Pt796	6.368	0.140153	0.569133	0.290714	
Pt797	6.376	0.13993	0.568992	0.291079	
Pt798	6.384	0.139707	0.56885	0.291443	
Pt799	6.392	0.139485	0.568709	0.291807	
Pt800	6.4	0.139263	0.568567	0.292171	
Pt801	6.408	0.139041	0.568424	0.292535	
Pt802	6.416	0.13882	0.568282	0.292898	
Pt803	6.424	0.138599	0.568139	0.293262	
Pt804	6.432	0.138379	0.567995	0.293625	
Pt805	6.44	0.138159	0.567852	0.293989	
Pt806	6.448	0.13794	0.567708	0.294352	
Pt807	6.456	0.137721	0.567564	0.294716	
Pt808	6.464	0.137502	0.567419	0.295079	
Pt809	6.472	0.137284	0.567274	0.295442	
Pt810	6.48	0.137066	0.567129	0.295805	
Pt811	6.488	0.136848	0.566984	0.296168	
Pt812	6.496	0.136631	0.566838	0.296531	
Pt813	6.504	0.136415	0.566692	0.296893	
Pt814	6.512	0.136198	0.566546	0.297256	
Pt815	6.52	0.135983	0.566399	0.297619	
Pt816	6.528	0.135767	0.566252	0.297981	
Pt817	6.536	0.135552	0.566105	0.298343	
Pt818	6.544	0.135337	0.565957	0.298706	
Pt819	6.552	0.135123	0.565809	0.299068	
Pt820	6.56	0.134909	0.565661	0.29943	
Pt821	6.568	0.134696	0.565512	0.299792	
Pt822	6.576	0.134483	0.565364	0.300154	
Pt823	6.584	0.13427	0.565214	0.300516	
Pt824	6.592	0.134058	0.565065	0.300877	
Pt825	6.6	0.133846	0.564915	0.301239	
Pt826	6.608	0.133634	0.564765	0.3016	
Pt827	6.616	0.133423	0.564615	0.301962	
Pt828	6.624	0.133212	0.564465	0.302323	
Pt829	6.632	0.133002	0.564314	0.302684	
Pt830	6.64	0.132792	0.564163	0.303045	
Pt831	6.648	0.132583	0.564011	0.303406	
Pt832	6.656	0.132373	0.563859	0.303767	
Pt833	6.664	0.132165	0.563707	0.304128	
Pt834	6.672	0.131956	0.563555	0.304489	
Pt835	6.68	0.131748	0.563402	0.304849	
Pt836	6.688	0.13154	0.56325	0.30521	
Pt837	6.696	0.131333	0.563096	0.30557	
Pt838	6.704	0.131126	0.562943	0.305931	
Pt839	6.712	0.13092	0.562789	0.306291	
Pt840	6.72	0.130714	0.562635	0.306651	
Pt841	6.728	0.130508	0.562481	0.307011	
Pt842	6.736	0.130303	0.562326	0.307371	
Pt843	6.744	0.130098	0.562171	0.307731	
Pt844	6.752	0.129893	0.562016	0.308091	
Pt845	6.76	0.129689	0.561861	0.30845	
Pt846	6.768	0.129485	0.561705	0.30881	
Pt847	6.776	0.129282	0.561549	0.309169	
Pt848	6.784	0.129078	0.561393	0.309529	
Pt849	6.792	0.128876	0.561236	0.309888	
Pt850	6.8	0.128673	0.56108	0.310247	
Pt851	6.808	0.128471	0.560923	0.310606	
Pt852	6.816	0.12827	0.560765	0.310965	
Pt853	6.824	0.128069	0.560608	0.311324	
Pt854	6.832	0.127868	0.56045	0.311683	
Pt855	6.84	0.127667	0.560291	0.312041	
Pt856	6.848	0.127467	0.560133	0.3124	
Pt857	6.856	0.127267	0.559974	0.312758	
Pt858	6.864	0.127068	0.559815	0.313116	
Pt859	6.872	0.126869	0.559656	0.313475	
Pt860	6.88	0.126671	0.559497	0.313833	
Pt861	6.888	0.126472	0.559337	0.314191	
Pt862	6.896	0.126274	0.559177	0.314549	
Pt863	6.904	0.126077	0.559017	0.314907	
Pt864	6.912	0.12588	0.558856	0.315264	
Pt865	6.92	0.125683	0.558695	0.315622	
Pt866	6.928	0.125486	0.558534	0.315979	
Pt867	6.936	0.12529	0.558373	0.316337	
Pt868	6.944	0.125095	0.558211	0.316694	
Pt869	6.952	0.124899	0.558049	0.317051	
Pt870	6.96	0.124704	0.557887	0.317408	
Pt871	6.968	0.12451	0.557725	0.317765	
Pt872	6.976	0.124315	0.557562	0.318122	
Pt873	6.984	0.124122	0.557399	0.318479	
Pt874	6.992	0.123928	0.557236	0.318836	
Pt875	7	0.123735	0.557073	0.319192	
Pt876	7.008	0.123542	0.556909	0.319549	
Pt877	7.016	0.12335	0.556745	0.319905	
Pt878	7.024	0.123157	0.556581	0.320262	
Pt879	7.032	0.122966	0.556417	0.320618	
Pt880	7.04	0.122774	0.556252	0.320974	
Pt881	7.048	0.122583	0.556087	0.32133	
Pt882	7.056	0.122393	0.555922	0.321686	
Pt883	7.064	0.122202	0.555756	0.322041	
Pt884	7.072	0.122012	0.555591	0.322397	
Pt885	7.08	0.121823	0.555425	0.322752	
Pt886	7.088	0.121633	0.555259	0.323108	
Pt887	7.096	0.121444	0.555092	0.323463	
Pt888	7.104	0.121256	0.554926	0.323818	
Pt889	7.112	0.121068	0.554759	0.324173	
Pt890	7.12	0.12088	0.554592	0.324528	
Pt891	7.128	0.120692	0.554424	0.324883	
Pt892	7.136	0.120505	0.554257	0.325238	
Pt893	7.144	0.120318	0.554089	0.325593	
Pt894	7.152	0.120132	0.553921	0.325947	
Pt895	7.16	0.119946	0.553753	0.326302	
Pt896	7.168	0.11976	0.553584	0.326656	
Pt897	7.176	0.119574	0.553415	0.32701	
Pt898	7.184	0.119389	0.553246	0.327365	
Pt899	7.192	0.119204	0.553077	0.327719	
Pt900	7.2	0.11902	0.552908	0.328072	
Pt901	7.208	0.118836	0.552738	0.328426	
Pt902	7.216	0.118652	0.552568	0.32878	
Pt903	7.224	0.118469	0.552398	0.329134	
Pt904	7.232	0.118286	0.552227	0.329487	
Pt905	7.24	0.118103	0.552057	0.32984	
Pt906	7.248	0.117921	0.551886	0.330194	
Pt907	7.256	0.117738	0.551715	0.330547	
Pt908	7.264	0.117557	0.551543	0.3309	
Pt909	7.272	0.117375	0.551372	0.331253	
Pt910	7.28	0.117194	0.5512	0.331606	
Pt911	7.288	0.117014	0.551028	0.331958	
Pt912	7.296	0.116833	0.550856	0.332311	
Pt913	7.304	0.116653	0.550683	0.332663	
Pt914	7.312	0.116474	0.550511	0.333016	
Pt915	7.32	0.116294	0.550338	0.333368	
Pt916	7.328	0.116115	0.550165	0.33372	
Pt917	7.336	0.115936	0.549991	0.334072	
Pt918	7.344	0.115758	0.549818	0.334424	
Pt919	7.352	0.11558	0.549644	0.334776	
Pt920	7.36	0.115402	0.54947	0.335128	
Pt921	7.368	0.115225	0.549296	0.335479	
Pt922	7.376	0.115048	0.549121	0.335831	
Pt923	7.384	0.114871	0.548947	0.336182	
Pt924	7.392	0.114695	0.548772	0.336534	
Pt925	7.4	0.114519	0.548597	0.336885	
Pt926	7.408	0.114343	0.548421	0.337236	
Pt927	7.416	0.114167	0.548246	0.337587	
Pt928	7.424	0.113992	0.54807	0.337938	
Pt929	7.432	0.113818	0.547894	0.338288	
Pt930	7.44	0.113643	0.547718	0.338639	
Pt931	7.448	0.113469	0.547542	0.338989	
Pt932	7.456	0.113295	0.547365	0.33934	
Pt933	7.464	0.113122	0.547188	0.33969	
Pt934	7.472	0.112949	0.547011	0.34004	
Pt935	7.48	0.112776	0.546834	0.34039	
Pt936	7.488	0.112603	0.546657	0.34074	
Pt937	7.496	0.112431	0.546479	0.34109	
Pt938	7.504	0.112259	0.546301	0.34144	
Pt939	7.512	0.112088	0.546123	0.341789	
Pt940	7.52	0.111916	0.545945	0.342139	
Pt941	7.528	0.111745	0.545767	0.342488	
Pt942	7.536	0.111575	0.545588	0.342837	
Pt943	7.544	0.111405	0.545409	0.343186	
Pt944	7.552	0.111235	0.54523	0.343535	
Pt945	7.56	0.111065	0.545051	0.343884	
Pt946	7.568	0.110896	0.544872	0.344233	
Pt947	7.576	0.110727	0.544692	0.344582	
Pt948	7.584	0.110558	0.544512	0.34493	
Pt949	7.592	0.110389	0.544332	0.345279	
Pt950	7.6	0.110221	0.544152	0.345627	
Pt951	7.608	0.110054	0.543971	0.345975	
Pt952	7.616	0.109886	0.543791	0.346323	
Pt953	7.624	0.109719	0.54361	0.346671	
Pt954	7.632	0.109552	0.543429	0.347019	
Pt955	7.64	0.109386	0.543248	0.347367	
Pt956	7.648	0.109219	0.543066	0.347714	
Pt957	7.656	0.109053	0.542885	0.348062	
Pt958	7.664	0.108888	0.542703	0.348409	
Pt959	7.672	0.108722	0.542521	0.348756	
Pt960	7.68	0.108557	0.542339	0.349104	
Pt961	7.688	0.108393	0.542157	0.349451	
Pt962	7.696	0.108228	0.541974	0.349798	
Pt963	7.704	0.108064	0.541791	0.350144	
Pt964	7.712	0.107901	0.541608	0.350491	
Pt965	7.72	0.107737	0.541425	0.350838	
Pt966	7.728	0.107574	0.541242	0.351184	
Pt967	7.736	0.107411	0.541059	0.35153	
Pt968	7.744	0.107248	0.540875	0.351877	
Pt969	7.752	0.107086	0.540691	0.352223	
Pt970	7.76	0.106924	0.540507	0.352569	
Pt971	7.768	0.106762	0.540323	0.352915	
Pt972	7.776	0.106601	0.540139	0.35326	
Pt973	7.784	0.10644	0.539954	0.353606	
Pt974	7.792	0.106279	0.539769	0.353952	
Pt975	7.8	0.106119	0.539584	0.354297	
Pt976	7.808	0.105959	0.539399	0.354642	
Pt977	7.816	0.105799	0.539214	0.354987	
Pt978	7.824	0.105639	0.539028	0.355332	
Pt979	7.832	0.10548	0.538843	0.355677	
Pt980	7.84	0.105321	0.538657	0.356022	
Pt981	7.848	0.105162	0.538471	0.356367	
Pt982	7.856	0.105004	0.538285	0.356711	
Pt983	7.864	0.104846	0.538099	0.357056	
Pt984	7.872	0.104688	0.537912	0.3574	
Pt985	7.88	0.10453	0.537725	0.357744	
Pt986	7.888	0.104373	0.537539	0.358088	
Pt987	7.896	0.104216	0.537352	0.358432	
Pt988	7.904	0.104059	0.537164	0.358776	
Pt989	7.912	0.103903	0.536977	0.35912	
Pt990	7.92	0.103747	0.536789	0.359464	
Pt991	7.928	0.103591	0.536602	0.359807	
Pt992	7.936	0.103436	0.536414	0.36015	
Pt993	7.944	0.10328	0.536226	0.360494	
Pt994	7.952	0.103126	0.536038	0.360837	
Pt995	7.96	0.102971	0.535849	0.36118	
Pt996	7.968	0.102817	0.535661	0.361523	
Pt997	7.976	0.102663	0.535472	0.361865	
Pt998	7.984	0.102509	0.535283	0.362208	
Pt999	7.992	0.102355	0.535094	0.362551	
Pt1000	8	0.102202	0.534905	0.362893	
Pt1001	8.008	0.102049	0.534716	0.363235	
Pt1002	8.016	0.101896	0.534526	0.363577	
Pt1003	8.024	0.101744	0.534336	0.363919	
Pt1004	8.032	0.101592	0.534147	0.364261	
Pt1005	8.04	0.10144	0.533957	0.364603	
Pt1006	8.056	0.101137	0.533576	0.365286	
Pt1007	8.064	0.100986	0.533386	0.365628	
Pt1008	8.072	0.100836	0.533195	0.365969	
